# vim:ft=dircolors
# (This is not a dircolors file but it helps to highlight colors and comments)
#
# Netrunner, see ~/.themes/Netrunner and .config/ghostty/themes/netrunner.conf
#
#   38;2;77;87;114     $dim       #4d5772   backup and temporary files
#   38;2;122;133;166   $muted     #7a85a6   build output and lock files
#   38;2;198;208;224   $white     #c6d0e0   plain files
#   38;2;232;240;248   $text      #e8f0f8   documents
#   38;2;110;134;224   $blue      #6e86e0   source code
#   38;2;168;188;240   $blueLt    #a8bcf0   directories
#   38;2;134;200;220   $cyanLt    #86c8dc   symlinks
#   38;2;138;104;200   $purple    #8a68c8   archives and disk images
#   38;2;180;146;236   $purpleLt  #b492ec   images, video, audio
#   38;2;192;142;82    $amberMd   #c08e52   build files, pipes, device nodes
#   38;2;224;168;104   $amber     #e0a868   executables, odd directory bits
#   38;2;224;90;106    $bad       #e05a6a   broken links, setuid, keys

# file types (with matching order)
ln                  38;2;134;200;220   # LINK
or                  38;2;224;90;106    # ORPHAN
tw                  38;2;224;168;104   # STICKY_OTHER_WRITABLE
ow                  38;2;224;168;104   # OTHER_WRITABLE
st                  38;2;224;168;104   # STICKY
di                  38;2;168;188;240   # DIR
pi                  38;2;192;142;82    # FIFO
so                  38;2;192;142;82    # SOCK
bd                  38;2;192;142;82    # BLK
cd                  38;2;192;142;82    # CHR
su                  38;2;224;90;106    # SETUID
sg                  38;2;224;90;106    # SETGID
ex                  38;2;224;168;104   # EXEC
fi                  38;2;198;208;224   # FILE

# build files, by name, which beats the extension rules below
Makefile*           38;2;192;142;82
makefile*           38;2;192;142;82
GNUmakefile*        38;2;192;142;82
Makefile.am*        38;2;192;142;82
Makefile.in*        38;2;192;142;82
*.mk                38;2;192;142;82
*.make              38;2;192;142;82
CMakeLists.txt*     38;2;192;142;82
*.cmake             38;2;192;142;82
meson.build*        38;2;192;142;82
meson_options.txt*  38;2;192;142;82
configure*          38;2;192;142;82
configure.ac*       38;2;192;142;82
*.m4                38;2;192;142;82
Dockerfile*         38;2;192;142;82
Containerfile*      38;2;192;142;82
.dockerignore*      38;2;192;142;82
justfile*           38;2;192;142;82
Justfile*           38;2;192;142;82
.justfile*          38;2;192;142;82
Taskfile.yml*       38;2;192;142;82
Rakefile*           38;2;192;142;82
Vagrantfile*        38;2;192;142;82
Brewfile*           38;2;192;142;82
Cargo.toml*         38;2;192;142;82
go.mod*             38;2;192;142;82
go.sum*             38;2;192;142;82
package.json*       38;2;192;142;82
pyproject.toml*     38;2;192;142;82
setup.py*           38;2;192;142;82
setup.cfg*          38;2;192;142;82
requirements.txt*   38;2;192;142;82
Pipfile*            38;2;192;142;82
Gemfile*            38;2;192;142;82
build.zig*          38;2;192;142;82
build.sbt*          38;2;192;142;82
build.gradle*       38;2;192;142;82
*.gradle            38;2;192;142;82
flake.nix*          38;2;192;142;82
shell.nix*          38;2;192;142;82
default.nix*        38;2;192;142;82
README*             38;2;192;142;82
README.md*          38;2;192;142;82
README.rst*         38;2;192;142;82
README.txt*         38;2;192;142;82
README.org*         38;2;192;142;82
LICENSE*            38;2;192;142;82
LICENSE.md*         38;2;192;142;82
LICENSE.txt*        38;2;192;142;82
COPYING*            38;2;192;142;82
AUTHORS*            38;2;192;142;82
CHANGELOG*          38;2;192;142;82
CHANGELOG.md*       38;2;192;142;82
CONTRIBUTING.md*    38;2;192;142;82
INSTALL*            38;2;192;142;82
INSTALL.md*         38;2;192;142;82

# archives and disk images
*.tar               38;2;138;104;200
*.tgz               38;2;138;104;200
*.taz               38;2;138;104;200
*.tbz               38;2;138;104;200
*.tbz2              38;2;138;104;200
*.tz                38;2;138;104;200
*.tzo               38;2;138;104;200
*.txz               38;2;138;104;200
*.tlz               38;2;138;104;200
*.t7z               38;2;138;104;200
*.tzst              38;2;138;104;200
*.arc               38;2;138;104;200
*.arj               38;2;138;104;200
*.lha               38;2;138;104;200
*.lzh               38;2;138;104;200
*.lzma              38;2;138;104;200
*.lz4               38;2;138;104;200
*.lz                38;2;138;104;200
*.lzo               38;2;138;104;200
*.lrz               38;2;138;104;200
*.xz                38;2;138;104;200
*.zst               38;2;138;104;200
*.gz                38;2;138;104;200
*.bz                38;2;138;104;200
*.bz2               38;2;138;104;200
*.z                 38;2;138;104;200
*.dz                38;2;138;104;200
*.rz                38;2;138;104;200
*.zip               38;2;138;104;200
*.7z                38;2;138;104;200
*.rar               38;2;138;104;200
*.ace               38;2;138;104;200
*.alz               38;2;138;104;200
*.zoo               38;2;138;104;200
*.cpio              38;2;138;104;200
*.cab               38;2;138;104;200
*.wim               38;2;138;104;200
*.swm               38;2;138;104;200
*.dwm               38;2;138;104;200
*.esd               38;2;138;104;200
*.apk               38;2;138;104;200
*.xpi               38;2;138;104;200
*.crx               38;2;138;104;200
*.deb               38;2;138;104;200
*.rpm               38;2;138;104;200
*.pkg               38;2;138;104;200
*.jar               38;2;138;104;200
*.war               38;2;138;104;200
*.ear               38;2;138;104;200
*.sar               38;2;138;104;200
*.iso               38;2;138;104;200
*.img               38;2;138;104;200
*.dmg               38;2;138;104;200
*.squashfs          38;2;138;104;200
*.vhd               38;2;138;104;200
*.qcow2             38;2;138;104;200

# image formats
*.jpg               38;2;180;146;236
*.jpeg              38;2;180;146;236
*.jpe               38;2;180;146;236
*.jfif              38;2;180;146;236
*.mjpg              38;2;180;146;236
*.mjpeg             38;2;180;146;236
*.gif               38;2;180;146;236
*.png               38;2;180;146;236
*.webp              38;2;180;146;236
*.avif              38;2;180;146;236
*.heic              38;2;180;146;236
*.heif              38;2;180;146;236
*.jxl               38;2;180;146;236
*.qoi               38;2;180;146;236
*.bmp               38;2;180;146;236
*.ico               38;2;180;146;236
*.icns              38;2;180;146;236
*.tif               38;2;180;146;236
*.tiff              38;2;180;146;236
*.pbm               38;2;180;146;236
*.pgm               38;2;180;146;236
*.ppm               38;2;180;146;236
*.pnm               38;2;180;146;236
*.tga               38;2;180;146;236
*.xbm               38;2;180;146;236
*.xpm               38;2;180;146;236
*.pcx               38;2;180;146;236
*.xcf               38;2;180;146;236
*.xwd               38;2;180;146;236
*.svg               38;2;180;146;236
*.svgz              38;2;180;146;236
*.mng               38;2;180;146;236
*.cgm               38;2;180;146;236
*.emf               38;2;180;146;236
*.psd               38;2;180;146;236
*.ai                38;2;180;146;236
*.eps               38;2;180;146;236
*.raw               38;2;180;146;236
*.cr2               38;2;180;146;236
*.cr3               38;2;180;146;236
*.nef               38;2;180;146;236
*.arw               38;2;180;146;236
*.dng               38;2;180;146;236
*.orf               38;2;180;146;236
*.raf               38;2;180;146;236
*.rw2               38;2;180;146;236

# video formats
*.mp4               38;2;180;146;236
*.m4v               38;2;180;146;236
*.mp4v              38;2;180;146;236
*.mkv               38;2;180;146;236
*.webm              38;2;180;146;236
*.mov               38;2;180;146;236
*.qt                38;2;180;146;236
*.avi               38;2;180;146;236
*.wmv               38;2;180;146;236
*.asf               38;2;180;146;236
*.mpg               38;2;180;146;236
*.mpeg              38;2;180;146;236
*.m2v               38;2;180;146;236
*.vob               38;2;180;146;236
*.ogm               38;2;180;146;236
*.ogv               38;2;180;146;236
*.ogx               38;2;180;146;236
*.nuv               38;2;180;146;236
*.rm                38;2;180;146;236
*.rmvb              38;2;180;146;236
*.flv               38;2;180;146;236
*.flc               38;2;180;146;236
*.fli               38;2;180;146;236
*.gl                38;2;180;146;236
*.dl                38;2;180;146;236
*.yuv               38;2;180;146;236
*.3gp               38;2;180;146;236
*.3g2               38;2;180;146;236
*.ts                38;2;180;146;236
*.mts               38;2;180;146;236
*.m2ts              38;2;180;146;236
*.divx              38;2;180;146;236
*.xvid              38;2;180;146;236

# audio formats
*.mp3               38;2;180;146;236
*.flac              38;2;180;146;236
*.wav               38;2;180;146;236
*.ogg               38;2;180;146;236
*.oga               38;2;180;146;236
*.opus              38;2;180;146;236
*.aac               38;2;180;146;236
*.m4a               38;2;180;146;236
*.m4b               38;2;180;146;236
*.wma               38;2;180;146;236
*.alac              38;2;180;146;236
*.aiff              38;2;180;146;236
*.aif               38;2;180;146;236
*.ape               38;2;180;146;236
*.wv                38;2;180;146;236
*.dsf               38;2;180;146;236
*.dff               38;2;180;146;236
*.au                38;2;180;146;236
*.ra                38;2;180;146;236
*.spx               38;2;180;146;236
*.mid               38;2;180;146;236
*.midi              38;2;180;146;236
*.mka               38;2;180;146;236
*.mpc               38;2;180;146;236
*.m3u               38;2;180;146;236
*.m3u8              38;2;180;146;236
*.pls               38;2;180;146;236
*.xspf              38;2;180;146;236
*.cue               38;2;180;146;236

# source code
*.c                 38;2;110;134;224
*.h                 38;2;110;134;224
*.i                 38;2;110;134;224
*.cc                38;2;110;134;224
*.cpp               38;2;110;134;224
*.cxx               38;2;110;134;224
*.c++               38;2;110;134;224
*.hpp               38;2;110;134;224
*.hxx               38;2;110;134;224
*.hh                38;2;110;134;224
*.h++               38;2;110;134;224
*.ino               38;2;110;134;224
*.rs                38;2;110;134;224
*.go                38;2;110;134;224
*.zig               38;2;110;134;224
*.odin              38;2;110;134;224
*.nim               38;2;110;134;224
*.v                 38;2;110;134;224
*.cr                38;2;110;134;224
*.py                38;2;110;134;224
*.pyi               38;2;110;134;224
*.rb                38;2;110;134;224
*.pl                38;2;110;134;224
*.pm                38;2;110;134;224
*.php               38;2;110;134;224
*.lua               38;2;110;134;224
*.tcl               38;2;110;134;224
*.js                38;2;110;134;224
*.mjs               38;2;110;134;224
*.cjs               38;2;110;134;224
*.ts                38;2;110;134;224
*.tsx               38;2;110;134;224
*.jsx               38;2;110;134;224
*.vue               38;2;110;134;224
*.svelte            38;2;110;134;224
*.astro             38;2;110;134;224
*.java              38;2;110;134;224
*.kt                38;2;110;134;224
*.kts               38;2;110;134;224
*.scala             38;2;110;134;224
*.clj               38;2;110;134;224
*.cljs              38;2;110;134;224
*.cljc              38;2;110;134;224
*.groovy            38;2;110;134;224
*.cs                38;2;110;134;224
*.fs                38;2;110;134;224
*.fsx               38;2;110;134;224
*.fsi               38;2;110;134;224
*.vb                38;2;110;134;224
*.swift             38;2;110;134;224
*.m                 38;2;110;134;224
*.mm                38;2;110;134;224
*.hs                38;2;110;134;224
*.lhs               38;2;110;134;224
*.ml                38;2;110;134;224
*.mli               38;2;110;134;224
*.ex                38;2;110;134;224
*.exs               38;2;110;134;224
*.erl               38;2;110;134;224
*.hrl               38;2;110;134;224
*.elm               38;2;110;134;224
*.gleam             38;2;110;134;224
*.rkt               38;2;110;134;224
*.scm               38;2;110;134;224
*.ss                38;2;110;134;224
*.lisp              38;2;110;134;224
*.el                38;2;110;134;224
*.sh                38;2;110;134;224
*.bash              38;2;110;134;224
*.zsh               38;2;110;134;224
*.fish              38;2;110;134;224
*.nu                38;2;110;134;224
*.ksh               38;2;110;134;224
*.csh               38;2;110;134;224
*.ps1               38;2;110;134;224
*.bat               38;2;110;134;224
*.cmd               38;2;110;134;224
*.awk               38;2;110;134;224
*.sed               38;2;110;134;224
*.vim               38;2;110;134;224
*.sql               38;2;110;134;224
*.graphql           38;2;110;134;224
*.gql               38;2;110;134;224
*.proto             38;2;110;134;224
*.thrift            38;2;110;134;224
*.r                 38;2;110;134;224
*.jl                38;2;110;134;224
*.f                 38;2;110;134;224
*.f90               38;2;110;134;224
*.f95               38;2;110;134;224
*.pas               38;2;110;134;224
*.asm               38;2;110;134;224
*.s                 38;2;110;134;224
*.html              38;2;110;134;224
*.htm               38;2;110;134;224
*.xhtml             38;2;110;134;224
*.css               38;2;110;134;224
*.scss              38;2;110;134;224
*.sass              38;2;110;134;224
*.less              38;2;110;134;224
*.styl              38;2;110;134;224
*.tf                38;2;110;134;224
*.tfvars            38;2;110;134;224
*.hcl               38;2;110;134;224
*.nix               38;2;110;134;224

# documents
*.md                38;2;232;240;248
*.markdown          38;2;232;240;248
*.mdx               38;2;232;240;248
*.rst               38;2;232;240;248
*.org               38;2;232;240;248
*.adoc              38;2;232;240;248
*.asciidoc          38;2;232;240;248
*.txt               38;2;232;240;248
*.text              38;2;232;240;248
*.pdf               38;2;232;240;248
*.epub              38;2;232;240;248
*.mobi              38;2;232;240;248
*.azw               38;2;232;240;248
*.azw3              38;2;232;240;248
*.djvu              38;2;232;240;248
*.fb2               38;2;232;240;248
*.doc               38;2;232;240;248
*.docx              38;2;232;240;248
*.odt               38;2;232;240;248
*.rtf               38;2;232;240;248
*.tex               38;2;232;240;248
*.ltx               38;2;232;240;248
*.bib               38;2;232;240;248
*.xls               38;2;232;240;248
*.xlsx              38;2;232;240;248
*.ods               38;2;232;240;248
*.csv               38;2;232;240;248
*.tsv               38;2;232;240;248
*.ppt               38;2;232;240;248
*.pptx              38;2;232;240;248
*.odp               38;2;232;240;248

# build output and lock files
*.o                 38;2;122;133;166
*.obj               38;2;122;133;166
*.a                 38;2;122;133;166
*.lib               38;2;122;133;166
*.so                38;2;122;133;166
*.dylib             38;2;122;133;166
*.dll               38;2;122;133;166
*.exe               38;2;122;133;166
*.elf               38;2;122;133;166
*.wasm              38;2;122;133;166
*.pyc               38;2;122;133;166
*.pyo               38;2;122;133;166
*.pyd               38;2;122;133;166
*.class             38;2;122;133;166
*.beam              38;2;122;133;166
*.elc               38;2;122;133;166
*.luac              38;2;122;133;166
*.hi                38;2;122;133;166
*.rlib              38;2;122;133;166
*.rmeta             38;2;122;133;166
*.pdb               38;2;122;133;166
*.ilk               38;2;122;133;166
*.lock              38;2;122;133;166
package-lock.json*  38;2;122;133;166

# keys and certificates
*.pem               38;2;224;90;106
*.key               38;2;224;90;106
*.crt               38;2;224;90;106
*.cer               38;2;224;90;106
*.der               38;2;224;90;106
*.csr               38;2;224;90;106
*.p12               38;2;224;90;106
*.pfx               38;2;224;90;106
*.p7b               38;2;224;90;106
*.gpg               38;2;224;90;106
*.pgp               38;2;224;90;106
*.asc               38;2;224;90;106
*.sig               38;2;224;90;106
*.kbx               38;2;224;90;106
*.jks               38;2;224;90;106
*.keystore          38;2;224;90;106
id_rsa*             38;2;224;90;106
id_ecdsa*           38;2;224;90;106
id_ed25519*         38;2;224;90;106
id_dsa*             38;2;224;90;106

# backup and temporary files
*.bak               38;2;77;87;114
*.old               38;2;77;87;114
*.orig              38;2;77;87;114
*.rej               38;2;77;87;114
*.swp               38;2;77;87;114
*.swo               38;2;77;87;114
*.swn               38;2;77;87;114
*.tmp               38;2;77;87;114
*.temp              38;2;77;87;114
*.part              38;2;77;87;114
*.crdownload        38;2;77;87;114
*.pid               38;2;77;87;114
.DS_Store*          38;2;77;87;114
Thumbs.db*          38;2;77;87;114
